%YAML:1.0
---
R: !!opencv-matrix
   rows: 3
   cols: 3
   dt: d
   data: [ 9.8818972168989572e-01, 1.9761226172277766e-03,
       1.5322261218843686e-01, -1.9561984777924971e-03,
       9.9999804722006103e-01, -2.8079098992449134e-04,
       -1.5322286785581951e-01, -2.2259070539896737e-05,
       9.8819165766088712e-01 ]
T: !!opencv-matrix
   rows: 3
   cols: 1
   dt: d
   data: [ -1.2083028063804117e+02, 4.0494730005748458e-01,
       5.8356244515986297e+00 ]
R1: !!opencv-matrix
   rows: 3
   cols: 3
   dt: d
   data: [ 9.9443167350997208e-01, -1.3725609604383323e-03,
       1.0537439345764230e-01, 1.3683325312956779e-03,
       9.9999905751318308e-01, 1.1242254796926378e-04,
       -1.0537444845046606e-01, 3.2390668016311409e-05,
       9.9443261439104302e-01 ]
R2: !!opencv-matrix
   rows: 3
   cols: 3
   dt: d
   data: [ 9.9883018616003127e-01, -3.3474521863693313e-03,
       -4.8239545804009840e-02, 3.3455185745072894e-03,
       9.9999439643783128e-01, -1.2082386015034371e-04,
       4.8239679942810768e-02, -4.0703777786569600e-05,
       9.9883578811645402e-01 ]
P1: !!opencv-matrix
   rows: 3
   cols: 4
   dt: d
   data: [ 3.2207152317673335e+03, 0., 2.7503581237792969e+02, 0., 0.,
       3.2207152317673335e+03, 5.1154396820068359e+02, 0., 0., 0., 1.,
       0. ]
P2: !!opencv-matrix
   rows: 3
   cols: 4
   dt: d
   data: [ 3.2207152317673335e+03, 0., 8.0553044128417969e+02,
       -3.8961570315147645e+05, 0., 3.2207152317673335e+03,
       5.1154396820068359e+02, 0., 0., 0., 1., 0. ]
Q: !!opencv-matrix
   rows: 4
   cols: 4
   dt: d
   data: [ 1., 0., 0., -2.7503581237792969e+02, 0., 1., 0.,
       -5.1154396820068359e+02, 0., 0., 0., 3.2207152317673335e+03, 0.,
       0., 8.2663896904462547e-03, 4.3852753312277368e+00 ]
