%YAML:1.0
---
M1: !!opencv-matrix
   rows: 3
   cols: 3
   dt: d
   data: [ 3.3142176424839890e+03, 0., 6.3952067770030828e+02, 0.,
       3.3151252797600619e+03, 5.1134929179174532e+02, 0., 0., 1. ]
D1: !!opencv-matrix
   rows: 1
   cols: 14
   dt: d
   data: [ -4.5511433219776763e-02, 6.5799153727608828e-01, 0., 0., 0.,
       0., 0., -6.7261066619656793e+00, 0., 0., 0., 0., 0., 0. ]
M2: !!opencv-matrix
   rows: 3
   cols: 3
   dt: d
   data: [ 3.3142176424839890e+03, 0., 6.3943312131506082e+02, 0.,
       3.3151252797600619e+03, 5.1170988849726444e+02, 0., 0., 1. ]
D2: !!opencv-matrix
   rows: 1
   cols: 14
   dt: d
   data: [ -6.1626313672070348e-03, 4.2324888014863110e-01, 0., 0., 0.,
       0., 0., 1.1340175369764571e+01, 0., 0., 0., 0., 0., 0. ]
